Sumarry Report on final results

# 1- Minimum velocity model

ID number                       : 243
Number of model converged       : 679
Number of Iteration             : 3

Iteration  RMS [sec]
   0       1.112
   1       1.023
   2       0.937
   3       0.856

Vel[km/s]   Dep[km]
 4.79      0.0
 5.67      0.3
 5.89      8.1
 6.82     19.7
 6.97     24.0
 7.06     31.6
 7.97     31.6
 8.64     41.0
 8.83     44.8

# 2- Mean velocity model:

Vel[km/s]   Dep[km]
 4.75      0.0
 5.45      0.1
 5.94     10.4
 6.32     17.0
 6.72     24.2
 7.13     27.8
 7.58     32.7
 8.04     38.5
 8.35     43.8

# 3- Location results using both initial and new velocity models:

                    * - Initial - * - Final (No ST_C) - * - Final (ST_C) - 
Mean Hrz Error [km] :     5.34    ,       7.33          ,      5.65        :
Mean Dep Error [km] :     2.66    ,       3.17          ,      2.60        :
Mean RMS      [sec] :     0.23    ,       0.34          ,      0.24        :

# 4- Bad events, N = 16

 Date    Origin    Lat      Long      Depth    Mag No Gap Dmin  Rms  Erh  Erz  Erx      Cvxy      Cvxz      Cvyz     Oterr
160822 1318 48.78 72 22.12 127  4.10   19.8    1.2 16 103  4.4 0.25  5.1  3.0  4.7 0.360E+01 0.485E+01 0.233E+01 0.682E+00
161009 0036 44.44 72 51.45 125  2.30   10.0    1.4 16 259 32.2 0.31 11.7  4.7 11.3-0.167E+02-0.464E+02 0.683E+01 0.623E+00
170304 2135  2.58 72 40.54 124 58.78    9.7    0.9 14 208 21.2 0.37 11.6  3.6 10.8 0.291E+02-0.295E+02-0.580E+01 0.847E+00
170307 0447 20.64 72 41.22 124 59.60    8.8    1.4 20 212 21.8 0.32  8.1  2.8  7.4 0.162E+02-0.160E+02-0.501E+01 0.691E+00
170313 0553 58.88 72 41.22 124 58.29   10.2    1.3 18 212 21.1 0.25  5.5  2.2  5.1 0.221E+01-0.717E+01 0.704E-01 0.607E+00
170326 0836 33.25 71 58.64 127 42.35   18.7    1.0 14 120 14.6 0.30  5.0  3.9  4.6 0.211E+01 0.182E+01 0.263E+01 0.793E+00
170402 0422  0.76 72 43.52 125 40.59   17.9    1.7 20 225 33.9 0.30  5.2  3.1  4.6 0.322E+01-0.525E+01-0.199E+01 0.629E+00
170405 0307 35.60 71 40.75 128 50.39    7.5    1.7 22 167 14.3 0.25  7.6  2.6  7.5 0.303E+01 0.154E+02 0.151E+00 0.552E+00
170405 0307 35.59 71 40.87 128 49.95    6.5    1.9 20 180 14.6 0.26  5.5  2.5  5.1 0.375E+01 0.152E+01-0.328E+01 0.590E+00
170406 1728  0.76 72 43.55 125 40.60   17.2    1.8 20 225 34.3 0.29  5.2  3.4  4.6 0.315E+01-0.547E+01-0.214E+01 0.636E+00
170408 1004 44.47 72 36.47 124 58.72   12.6    2.3 24 183 21.7 0.29  5.3  1.9  4.8 0.604E+01-0.257E+01 0.137E+00 0.593E+00
170416 1821  5.26 72 51.47 125  1.85   13.9    2.2 26 260 32.1 0.34  6.0  2.2  5.5 0.679E+00-0.550E+01-0.720E+00 0.612E+00
170418 1500 13.12 72 43.87 124 35.49   17.8    1.8 24 249 11.8 0.28  7.5  2.1  6.9 0.194E+01-0.832E+01-0.231E-01 0.637E+00
170420 1302 35.42 72 38.30 129  3.24   15.0    1.5 22 300 67.5 0.45 16.6  6.8 16.0 0.207E+02 0.451E+02 0.409E+01 0.940E+00
170423 2313 41.74 72 35.62 124 53.90   18.7    2.1 24 174 19.6 0.27  5.3  2.2  4.9 0.311E+01-0.429E+01 0.335E+00 0.622E+00
170425 0652 22.62 71 57.14 128  2.07    8.1    1.8 18 168 17.0 0.38  6.9  2.8  6.6-0.173E+01 0.666E+01 0.266E+00 0.930E+00

# 5- Relocation results using both initial and new velocity models and rewighted phases:

                    * - Initial - * - Final (No ST_C) - * - Final (ST_C) - * - Final_RW (ST_C) - 
Mean Hrz Error [km] :     5.34    ,       7.33          ,      5.65        ,      4.40        :
Mean Dep Error [km] :     2.66    ,       3.17          ,      2.60        ,      2.27        :
Mean RMS      [sec] :     0.23    ,       0.34          ,      0.24        ,      0.20        :

# 6- Bad events, N = 7

 Date    Origin    Lat      Long      Depth    Mag No Gap Dmin  Rms  Erh  Erz  Erx      Cvxy      Cvxz      Cvyz     Oterr
170304 2135  2.49 72 40.79 124 59.09    9.6    0.9 14 210 21.4 0.32  9.3  3.4  8.7 0.179E+02-0.226E+02-0.326E+01 0.582E+00
170307 0447 20.61 72 41.45 124 59.18    9.4    1.4 19 214 21.7 0.23  5.8  2.2  5.3 0.746E+01-0.922E+01-0.226E+01 0.443E+00
170313 0553 58.84 72 41.38 124 58.38   10.3    1.3 18 213 21.2 0.23  5.0  2.0  4.6 0.285E+01-0.629E+01-0.512E+00 0.496E+00
170405 0307 35.58 71 40.59 128 51.80    8.9    1.7 22 170 13.6 0.22  7.5  3.3  7.4-0.414E+01 0.211E+02-0.300E+01 0.417E+00
170405 0307 35.63 71 40.64 128 50.08    7.3    1.9 20 179 14.3 0.23  7.1  3.4  6.9-0.476E+00 0.179E+02-0.331E+01 0.424E+00
170418 1500 12.99 72 44.12 124 34.90   18.8    1.8 24 252 12.0 0.24  5.4  1.7  5.1 0.123E+01-0.416E+01-0.646E-01 0.439E+00
170420 1302 35.40 72 39.05 129  2.19   15.8    1.5 22 300 68.6 0.35 11.6  4.8 11.2 0.108E+02 0.252E+02 0.323E+01 0.489E+00
