Sumarry Report on final results

# 1- Minimum velocity model

ID number                       : 5
Number of model converged       : 14
Number of Iteration             : 3

Iteration  RMS [sec]
   0       0.477
   1       0.330
   2       0.243
   3       0.227

Vel[km/s]   Dep[km]
 4.81      0.0
 5.76      0.0
 6.17      9.5
 6.44     20.6
 6.92     26.9
 7.01     28.9
 7.11     35.5

# 2- Mean velocity model:

Vel[km/s]   Dep[km]
 4.71      0.0
 5.47      0.0
 5.89      9.5
 6.42     20.6
 6.84     26.9
 7.45     28.9
 7.90     35.5

# 3- Location results using both initial and new velocity models:

                    * - Initial - * - Final (No ST_C) - * - Final (ST_C) - 
Mean Hrz Error [km] :     5.34    ,       7.92          ,      5.86        :
Mean Dep Error [km] :     2.66    ,       3.33          ,      2.43        :
Mean RMS      [sec] :     0.23    ,       0.36          ,      0.26        :

# 4- Bad events, N = 18

 Date    Origin    Lat      Long      Depth    Mag No Gap Dmin  Rms  Erh  Erz  Erx      Cvxy      Cvxz      Cvyz     Oterr
160822 1318 48.70 72 21.92 127  3.70   19.5    1.2 16 101  4.8 0.31  6.1  2.9  5.6 0.591E+01 0.574E+01 0.358E+01 0.833E+00
161005 1619 46.63 72 51.89 125  2.81   14.7    0.5 18 261 33.0 0.22  5.4  2.1  4.8 0.119E+01-0.465E+01-0.179E+01 0.525E+00
161009 0036 44.45 72 51.61 125  2.49   10.5    1.4 16 260 32.5 0.30  6.6  3.4  5.9 0.975E+00-0.893E+01-0.332E+01 0.608E+00
170304 2135  2.58 72 40.75 124 59.07    9.4    0.9 14 209 21.4 0.33 10.2  3.5  9.5 0.224E+02-0.252E+02-0.490E+01 0.768E+00
170307 0447 20.66 72 41.32 124 59.29    8.7    1.4 20 213 21.7 0.30  7.6  2.9  7.1 0.108E+02-0.159E+02-0.270E+01 0.666E+00
170313 0553 58.87 72 41.47 124 58.72    9.4    1.3 18 214 21.4 0.23  7.3  4.3  6.8-0.741E+01-0.248E+02 0.718E+01 0.579E+00
170326 0836 33.03 71 58.69 127 42.14   20.2    1.0 14 121 14.5 0.31  5.6  2.1  5.0 0.350E+01 0.244E+01 0.248E+01 0.833E+00
170402 0422  0.79 72 43.07 125 40.40   18.0    1.7 20 224 33.1 0.35  5.9  2.0  5.3 0.368E+01-0.363E+01-0.102E+01 0.741E+00
170405 0307 35.67 71 40.89 128 51.01    7.8    1.7 22 169 14.3 0.27  7.5  2.5  7.4 0.314E+01 0.139E+02 0.854E-02 0.596E+00
170405 0307 35.67 71 40.98 128 50.50    6.9    1.9 20 181 14.6 0.27  7.9  3.7  7.7 0.814E+00 0.193E+02-0.338E+01 0.610E+00
170406 1728  0.75 72 43.21 125 40.12   18.2    1.8 20 224 33.9 0.35  5.9  2.1  5.2 0.365E+01-0.365E+01-0.104E+01 0.740E+00
170408 1004 44.47 72 36.36 124 58.63   12.8    2.3 24 182 21.7 0.30  5.5  1.9  5.1 0.680E+01-0.311E+01-0.443E+00 0.617E+00
170416 0523 41.10 71 56.87 127  6.74   21.0    2.2 26  85  7.3 0.37  5.0  2.7  4.7 0.243E+01 0.256E+01-0.677E-01 0.901E+00
170416 1821  5.17 72 51.68 125  3.17   13.2    2.2 26 260 32.9 0.31  5.7  2.0  5.1 0.110E+01-0.387E+01-0.141E+01 0.600E+00
170418 1500 13.10 72 43.85 124 37.40   17.4    1.8 24 245 12.6 0.32  7.7  1.8  7.1 0.502E+01-0.699E+01-0.127E+01 0.717E+00
170420 1302 35.44 72 37.93 129  5.88   18.8    1.5 22 301 67.4 0.53 18.0  3.4 17.4 0.204E+02 0.679E+01-0.435E+01 0.105E+01
170423 2313 41.59 72 35.73 124 54.20   19.3    2.1 24 175 19.7 0.34  6.4  1.7  6.0 0.500E+01-0.431E+01-0.118E+00 0.760E+00
170425 0652 22.62 71 57.11 128  2.88    8.9    1.8 18 170 16.7 0.35  7.2  3.0  7.0-0.207E+01 0.114E+02-0.291E+00 0.860E+00

# 5- Relocation results using both initial and new velocity models and rewighted phases:

                    * - Initial - * - Final (No ST_C) - * - Final (ST_C) - * - Final_RW (ST_C) - 
Mean Hrz Error [km] :     5.34    ,       7.92          ,      5.86        ,      4.36        :
Mean Dep Error [km] :     2.66    ,       3.33          ,      2.43        ,      2.15        :
Mean RMS      [sec] :     0.23    ,       0.36          ,      0.26        ,      0.21        :

# 6- Bad events, N = 7

 Date    Origin    Lat      Long      Depth    Mag No Gap Dmin  Rms  Erh  Erz  Erx      Cvxy      Cvxz      Cvyz     Oterr
160822 1318 48.77 72 21.85 127  3.38   19.4    1.2 16 102  5.0 0.27  5.0  2.7  4.8 0.239E+01 0.405E+01 0.148E+01 0.574E+00
170304 2135  2.51 72 41.02 124 59.07    9.4    0.9 14 211 21.5 0.29  8.2  3.1  7.6 0.137E+02-0.178E+02-0.238E+01 0.548E+00
170307 0447 20.61 72 41.60 124 59.25    9.1    1.4 19 215 21.7 0.23  5.8  2.3  5.3 0.717E+01-0.955E+01-0.225E+01 0.457E+00
170405 0307 35.67 71 40.73 128 51.81    8.9    1.7 22 170 13.8 0.23  6.5  2.9  6.3-0.156E+01 0.139E+02-0.241E+01 0.438E+00
170405 0307 35.73 71 40.62 128 50.64    7.8    1.9 20 180 14.0 0.25  7.0  3.2  6.8 0.828E+00 0.152E+02-0.300E+01 0.454E+00
170418 1500 12.99 72 44.01 124 37.15   18.2    1.8 24 247 12.7 0.25  5.1  1.2  4.6 0.176E+01-0.255E+01-0.118E+00 0.415E+00
170420 1302 35.38 72 38.29 129  8.05   20.5    1.5 20 302 68.5 0.31 11.7  4.9 11.4 0.108E+02 0.321E+02 0.298E+01 0.460E+00
