Sumarry Report on final results

# 1- Minimum velocity model

ID number                       : 1
Number of model converged       : 680
Number of Iteration             : 3

Iteration  RMS [sec]
   0       31.623
   1       31.623
   2       31.623
   3       31.623

Vel[km/s]   Dep[km]
 4.68      0.0
 4.80     -1.3
 6.03     13.2
 6.13     14.0
 6.42     24.1
 6.56     28.5
 7.74     31.2
 8.47     34.9
 8.52     44.0

# 2- Mean velocity model:

Vel[km/s]   Dep[km]
 4.80      0.0
 5.29     -0.0
 5.78     10.4
 6.23     16.9
 6.66     24.3
 7.10     27.8
 7.57     32.6
 8.16     38.3
 8.82     43.7

# 3- Location results using both initial and new velocity models:

                    * - Initial - * - Final (No ST_C) - * - Final (ST_C) - 
Mean Hrz Error [km] :     8.79    ,      12.02          ,     10.76        :
Mean Dep Error [km] :     4.92    ,       4.49          ,      4.01        :
Mean RMS      [sec] :     0.37    ,       0.62          ,      0.52        :

# 4- Bad events, N = 47

 Date    Origin    Lat      Long      Depth    Mag No Gap Dmin  Rms  Erh  Erz  Erx      Cvxy      Cvxz      Cvyz     Oterr
160819 0959 26.82 71 52.94 129 34.90    7.4    4.0 26 262 38.7 0.61 15.9  3.1 15.6 0.143E+02 0.187E+01-0.312E+01 0.109E+01
160820 1506 15.69 71 53.77 129 32.97    6.4    0.0 25 260 39.6 0.75 19.4  4.4 19.0 0.278E+02-0.240E+01-0.741E+01 0.136E+01
160822 1318 48.78 72 21.24 127  2.59   19.7    0.8 17  96  6.2 0.31  5.7  5.4  5.1 0.492E+01 0.687E+01 0.608E+01 0.762E+00
161005 1619 47.23 72 48.97 125  2.30   11.7    1.0 22 250 29.2 0.46  9.6  4.1  8.7 0.528E+01-0.181E+02-0.467E+01 0.102E+01
161006 0156 56.21 72 47.91 125  3.61    8.4    0.0 22 246 28.6 0.59 11.5  4.4 10.7 0.311E+01-0.313E+02-0.109E+01 0.117E+01
161009 0036 45.14 72 48.17 125  5.59    7.3    0.0 22 246 29.8 0.56 12.8  4.5 12.0 0.137E+02-0.394E+02-0.529E+01 0.114E+01
161012 0800 21.83 72 42.45 125 58.43   16.0    0.0 24 226 27.7 0.53  8.7  3.3  7.8 0.961E+01-0.725E+01-0.388E+01 0.118E+01
161029 0831 54.65 72  1.52 127 39.19   14.5    1.7 22 116 15.9 0.49  7.2  3.0  6.9 0.983E+00 0.453E+01-0.887E+00 0.121E+01
161030 1322 36.95 72 32.05 126 29.77   13.4    1.0 24 203  9.9 0.36  5.6  2.0  5.0 0.502E+01-0.250E+01-0.333E+00 0.885E+00
161105 0556 46.83 72 14.79 129 41.05   12.4    2.2 26 269 50.3 0.69 18.3  5.2 17.7 0.271E+02-0.730E+01-0.729E+01 0.132E+01
161105 0610 51.27 72 14.58 129 45.35   15.0    1.8 26 271 52.4 0.66 18.5  4.7 17.9 0.289E+02-0.128E+02-0.668E+01 0.130E+01
161105 0626 29.00 72 14.35 129 36.84   10.4    2.4 25 267 47.8 0.58 17.9  5.6 17.5 0.295E+02 0.336E+02-0.603E+00 0.112E+01
161105 0629  6.58 72 13.39 129 41.97   12.9    2.3 26 270 49.9 0.82 20.6  5.7 19.9 0.358E+02-0.113E+02-0.826E+01 0.148E+01
161105 0642 24.77 72 14.79 129 39.28   10.1    2.1 25 269 49.3 0.57 19.5  5.9 19.1 0.357E+02 0.491E+02 0.136E+01 0.111E+01
161105 0653 53.22 72 15.17 129 47.39   15.0    1.8 26 272 53.9 0.72 20.1  5.1 19.4 0.329E+02-0.145E+02-0.801E+01 0.140E+01
161105 0747 50.50 72 13.94 129 32.86    8.5    1.6 21 265 45.4 0.61 20.0  6.5 19.5 0.445E+02 0.376E+02 0.172E+01 0.122E+01
161116 1036  3.77 72 42.00 124 57.09   12.9    1.3 13 217 20.7 0.28  6.8  4.1  6.2 0.297E+01-0.159E+02-0.958E-01 0.703E+00
161116 2215 49.73 72 41.77 124 58.52    8.9    1.8 24 216 21.4 0.51  9.1  3.3  8.4 0.568E+01-0.172E+02 0.237E+00 0.106E+01
161116 2253  5.84 72 40.23 124 58.98    8.1    1.1 15 206 21.2 0.61  9.9  4.4  8.3 0.260E+01-0.133E+02 0.102E+02 0.127E+01
161116 2316 11.23 72 41.32 124 55.65   12.5    1.4 19 213 19.7 0.62 10.9  4.7 10.0 0.110E+02-0.283E+02-0.183E+01 0.122E+01
161117 0337  1.12 72 42.04 124 58.55    8.5    1.8 25 217 21.5 0.51  8.3  3.1  7.5 0.509E+01-0.136E+02 0.572E+00 0.102E+01
161124 2250 45.92 72 41.32 124 59.82    8.4    0.0 26 213 22.0 0.54  8.0  2.7  7.2 0.726E+01-0.668E+01 0.108E+00 0.115E+01
161124 2302 57.52 72 42.15 124 58.68    9.2    1.9 25 218 21.7 0.55  9.9  3.5  9.1 0.592E+01-0.208E+02 0.101E+00 0.114E+01
161124 2316 14.03 72 40.84 124 58.95    9.1    1.9 24 210 21.4 0.55  9.2  3.3  8.5 0.613E+01-0.175E+02 0.327E+00 0.110E+01
161125 0156 33.92 72 41.49 124 59.59    7.3    0.0 18 214 21.9 0.54  9.3  3.8  8.2 0.979E+01-0.147E+02-0.201E+01 0.122E+01
161125 0619  0.43 72 41.95 124 59.39   10.5    1.8 26 217 22.0 0.53  8.0  4.0  7.1 0.693E+01-0.105E+02-0.128E+01 0.109E+01
161125 1638 37.45 72 41.75 124 59.12    7.9    2.3 18 216 21.7 0.45  7.1  2.7  6.2 0.594E+01-0.532E+01-0.103E+01 0.979E+00
161126 1456 11.62 72 40.97 124 59.44    9.8    1.8 22 211 21.7 0.67 12.4  4.5 11.4 0.134E+02-0.331E+02-0.965E+00 0.145E+01
161228 2250 23.10 71 35.51 127 33.25    2.2    2.3 17 116 24.1 0.60  8.2  6.1  7.9-0.861E+00 0.112E+02-0.307E+01 0.137E+01
161230 1909 41.47 72 14.86 129 39.81   10.4    2.2 23 269 77.9 0.49 19.1  6.5 18.7 0.281E+02 0.721E+02 0.207E+01 0.957E+00
170110 0630 47.14 72 12.99 129 47.51    9.8    2.3 21 272 52.6 0.68 27.7  8.3 27.2 0.370E+02 0.114E+03-0.505E+01 0.132E+01
170304 2135  2.66 72 38.21 124 56.77   10.3    0.0 22 193 20.0 0.46  7.7  4.4  7.0 0.788E+01-0.101E+02 0.103E+01 0.106E+01
170307 0447 20.59 72 39.07 124 58.41    9.9    0.0 24 199 20.9 0.55  9.4  3.4  8.7 0.748E+01-0.174E+02 0.954E+00 0.116E+01
170313 0553 59.07 72 38.61 124 56.67    9.6    0.0 24 196 19.9 0.59 10.3  3.8  9.6 0.974E+01-0.208E+02 0.143E+01 0.130E+01
170313 0809  5.11 72 26.68 125  5.77    8.9    0.0 26 131  7.3 0.59  7.2  2.4  6.8 0.379E+01-0.216E+01 0.112E+01 0.126E+01
170317 1007 13.26 72 14.11 125 59.12    5.4    0.0 16  84  8.0 0.47  6.4  6.2  6.2 0.180E+01-0.577E+01-0.678E+00 0.125E+01
170320 1900 33.67 72 24.01 126  6.07   18.4    0.0 18  98 10.3 0.35  5.0  3.3  4.6 0.619E+00 0.116E+00 0.146E+01 0.909E+00
170326 0836 33.16 71 58.05 127 40.28   17.0    0.0 25  82 13.1 0.59  7.9  2.8  7.5 0.516E+01 0.446E+01 0.427E+00 0.140E+01
170402 0422  1.00 72 41.25 125 38.26   18.2    0.0 25 216 29.5 0.52  8.5  4.5  7.6 0.915E+01-0.122E+02-0.516E+01 0.114E+01
170405 0307 35.54 71 40.27 128 45.87    7.2    0.0 21 153 15.3 0.43  9.7  2.8  9.4 0.370E+01 0.112E+02 0.546E+00 0.962E+00
170408 1004 44.41 72 33.52 124 53.81   12.5    0.0 26 160 21.2 0.51  8.3  3.1  7.8 0.945E+01-0.788E+01 0.965E-01 0.112E+01
170416 0523 40.90 71 56.27 127  4.55   20.1    0.0 24  88  8.3 0.50  7.1  3.8  6.8 0.498E+01 0.533E+01 0.190E+00 0.125E+01
170416 1821  5.53 72 48.63 125  4.50    8.5    0.0 26 248 29.8 0.54 10.7  3.9 10.0 0.244E+01-0.266E+02-0.110E+01 0.109E+01
170418 1500 13.60 72 41.91 124 40.63   14.3    0.0 20 225 12.0 0.47 11.2  3.0 10.1 0.216E+02-0.178E+02-0.262E+01 0.100E+01
170423 2313 41.60 72 33.75 124 51.17   17.9    0.0 24 159 19.7 0.38  7.1  2.9  6.7 0.594E+01-0.585E+01 0.946E+00 0.875E+00
170425 0652 22.23 71 56.68 128  1.22   10.4    1.8 18 169 17.9 0.31  6.3  2.3  6.1-0.162E+01 0.732E+01-0.234E+00 0.771E+00
170426 1425 20.43 72  3.92 127 13.13   23.5    0.6 12 120 10.0 0.29  6.8  4.2  6.3 0.636E+01-0.392E+01-0.493E+01 0.799E+00

# 5- Relocation results using both initial and new velocity models and rewighted phases:

                    * - Initial - * - Final (No ST_C) - * - Final (ST_C) - * - Final_RW (ST_C) - 
Mean Hrz Error [km] :     8.79    ,      12.02          ,     10.76        ,      6.72        :
Mean Dep Error [km] :     4.92    ,       4.49          ,      4.01        ,      2.72        :
Mean RMS      [sec] :     0.37    ,       0.62          ,      0.52        ,      0.31        :

# 6- Bad events, N = 34

 Date    Origin    Lat      Long      Depth    Mag No Gap Dmin  Rms  Erh  Erz  Erx      Cvxy      Cvxz      Cvyz     Oterr
160819 0959 26.62 71 52.95 129 36.88    7.9    4.0 22 264 39.3 0.26  7.8  1.4  7.7 0.296E+01 0.118E+01-0.696E+00 0.429E+00
160820 1506 15.46 71 53.47 129 35.91    8.1    0.0 20 262 39.9 0.32  9.7  2.5  9.5 0.319E+01 0.228E+01-0.319E+01 0.458E+00
161006 0156 56.18 72 48.15 125  0.56   13.8    0.0 20 248 27.5 0.33  5.6  2.5  4.8 0.162E+01-0.478E+01-0.600E+00 0.500E+00
161009 0036 44.88 72 49.01 125  4.74    8.2    0.0 18 249 30.3 0.31  7.1  3.1  6.6 0.276E+01-0.162E+02-0.135E+01 0.520E+00
161012 0800 21.88 72 42.53 125 58.14   16.9    0.0 21 226 27.9 0.30  5.0  2.3  4.6 0.182E+01 0.366E+01 0.684E+00 0.521E+00
161105 0556 46.84 72 14.71 129 41.40   12.9    2.2 23 269 50.4 0.39 10.4  2.9 10.1 0.337E+01-0.830E-01 0.415E+00 0.504E+00
161105 0610 51.33 72 13.93 129 42.13   13.2    1.8 22 270 50.3 0.35 12.5  2.8 12.3 0.919E+01 0.107E+02 0.273E+00 0.463E+00
161105 0626 28.77 72 14.65 129 40.88   12.1    2.4 22 269 50.1 0.36 10.6  3.5 10.2 0.106E+02 0.112E+02 0.149E+01 0.510E+00
161105 0629  6.26 72 13.24 129 45.28   12.6    2.3 22 271 51.6 0.39  9.6  2.9  9.3 0.332E+01-0.884E+01-0.704E+00 0.494E+00
161105 0642 24.77 72 14.22 129 42.01   12.3    2.1 23 270 50.4 0.35  9.7  2.6  9.5 0.577E+01 0.373E+01-0.302E+00 0.437E+00
161105 0653 53.06 72 14.95 129 45.98   12.8    1.8 21 272 53.0 0.34 11.8  2.8 11.6 0.286E+01 0.916E+01-0.143E+00 0.456E+00
161105 0747 50.96 72 14.19 129 31.21   10.2    1.6 19 265 44.7 0.37  9.9  4.0  9.5 0.127E+02 0.132E+02 0.208E+01 0.433E+00
161116 1036  3.71 72 42.12 124 56.89   13.2    1.3 13 218 20.7 0.24  5.3  3.3  4.8 0.246E+01-0.934E+01 0.417E+00 0.519E+00
161116 2215 49.86 72 41.58 124 57.06   10.2    1.8 22 215 20.6 0.29  5.5  2.1  5.1 0.257E+01-0.761E+01 0.286E+00 0.494E+00
161116 2253  5.70 72 41.18 124 57.98    9.4    1.1 12 212 20.9 0.32  8.5  4.5  7.8-0.100E+02-0.283E+02 0.917E+01 0.595E+00
161117 0337  1.05 72 42.39 124 57.74    9.2    1.8 23 220 21.3 0.27  6.0  3.2  5.5-0.498E+01-0.146E+02 0.436E+01 0.476E+00
161124 2250 45.89 72 41.54 124 58.37   10.2    0.0 23 214 21.2 0.32  6.4  3.0  5.9-0.450E+00-0.137E+02 0.260E+01 0.528E+00
161124 2302 57.45 72 42.67 124 58.46    9.9    1.9 23 221 21.8 0.31  5.5  2.3  5.1 0.222E+01-0.841E+01 0.694E-01 0.480E+00
161124 2316 14.03 72 41.07 124 57.94   10.3    1.9 22 212 20.9 0.32  8.8  5.0  8.3-0.162E+02-0.379E+02 0.122E+02 0.511E+00
161125 0156 34.02 72 40.87 124 59.58    7.7    0.0 17 210 21.7 0.36  5.5  2.5  4.4 0.621E+01-0.444E+01 0.135E+00 0.555E+00
161125 0619  0.32 72 42.34 124 58.51   11.9    1.8 24 219 21.7 0.33  5.8  3.0  5.4 0.497E+01-0.113E+02-0.232E+01 0.514E+00
161125 1638 37.48 72 41.72 124 58.12    8.5    2.3 17 216 21.2 0.29  5.2  2.0  4.7 0.651E+01-0.668E+01-0.228E+01 0.460E+00
161126 1456 11.60 72 40.86 124 58.68   10.3    1.8 19 210 21.2 0.38  6.6  2.9  6.0 0.123E+00-0.130E+02 0.211E+01 0.532E+00
161230 1909 41.36 72 14.71 129 39.79    9.5    2.2 22 269 77.6 0.38 13.3  4.1 13.0 0.229E+02 0.253E+02 0.425E+01 0.533E+00
170110 0630 46.78 72 12.32 129 55.66   11.7    2.3 18 276 56.8 0.47 18.9  4.1 18.7 0.297E+01 0.356E+02-0.483E+01 0.472E+00
170304 2135  2.65 72 38.25 124 56.27   10.4    0.0 21 193 19.8 0.34  6.4  2.9  6.0-0.214E-01-0.107E+02 0.263E+01 0.623E+00
170307 0447 20.48 72 39.51 124 58.46   10.4    0.0 23 202 20.9 0.36  9.1  5.3  8.5-0.109E+02-0.392E+02 0.118E+02 0.592E+00
170313 0553 58.97 72 38.78 124 55.78   10.4    0.0 23 196 19.4 0.41  6.9  3.4  6.3-0.303E+00-0.154E+02 0.463E+01 0.583E+00
170402 0422  0.88 72 41.60 125 37.32   18.5    0.0 23 217 29.9 0.34  5.4  2.8  4.9 0.356E+01-0.201E+01-0.117E+01 0.604E+00
170405 0307 35.44 71 40.30 128 45.91    6.5    0.0 20 154 15.4 0.29  5.8  1.7  5.6 0.295E+01 0.437E+01 0.251E+00 0.490E+00
170408 1004 44.29 72 33.68 124 53.08   13.7    0.0 24 161 20.7 0.35  5.1  2.0  4.9 0.380E+01-0.404E+01 0.221E+00 0.560E+00
170416 1821  5.55 72 49.05 125  1.34   13.6    0.0 24 251 28.9 0.35  6.8  2.8  6.0 0.363E+01-0.100E+02-0.171E+01 0.535E+00
170418 1500 13.47 72 41.65 124 37.83   16.3    0.0 19 225 10.4 0.30  9.7  2.3  9.0 0.168E+02-0.165E+02-0.221E+01 0.505E+00
170426 1425 20.43 72  3.80 127 13.06   23.4    0.6 12 121 10.1 0.27  6.3  3.3  5.9 0.493E+01-0.297E+01-0.318E+01 0.627E+00
