Sumarry Report on final results

# 1- Minimum velocity model

ID number                       : 1
Number of model converged       : 665
Number of Iteration             : 3

Iteration  RMS [sec]
   0       31.623
   1       31.623
   2       31.623
   3       31.623

Vel[km/s]   Dep[km]
 4.92      0.0
 5.02      1.4
 5.06     11.3
 6.19     15.5
 6.28     22.1
 6.47     26.5
 7.58     36.4
 7.82     38.8
 8.59     46.7

# 2- Mean velocity model:

Vel[km/s]   Dep[km]
 4.79      0.0
 5.30      0.2
 5.78     10.5
 6.25     17.0
 6.67     24.2
 7.10     28.0
 7.58     32.7
 8.13     38.3
 8.79     43.7

# 3- Location results using both initial and new velocity models:

                    * - Initial - * - Final (No ST_C) - * - Final (ST_C) - 
Mean Hrz Error [km] :     6.77    ,       9.40          ,      8.56        :
Mean Dep Error [km] :     3.92    ,       3.70          ,      3.37        :
Mean RMS      [sec] :     0.22    ,       0.38          ,      0.33        :

# 4- Bad events, N = 53

 Date    Origin    Lat      Long      Depth    Mag No Gap Dmin  Rms  Erh  Erz  Erx      Cvxy      Cvxz      Cvyz     Oterr
160818 1613  8.89 72 58.64 124 55.57   16.7    1.0 12 293 40.8 0.13  9.0  3.0  8.7-0.667E+01-0.218E+02 0.246E+01 0.371E+00
160818 1613  8.65 72 59.44 124 54.42   16.7    1.1 12 295 41.9 0.06  6.0  1.9  5.8-0.233E+01-0.891E+01 0.762E+00 0.258E+00
160819 0959 26.92 71 53.49 129 33.13    6.8    4.0 24 260 39.2 0.58 15.6  3.2 15.3 0.159E+02 0.317E+01-0.280E+01 0.107E+01
160820 1506 15.20 71 54.53 129 36.39    6.2    1.6 18 266 41.8 0.60 20.2  3.6 19.8 0.395E+02-0.125E+02-0.633E+01 0.110E+01
160822 1318 48.50 72 21.74 127  3.34   20.0    1.2 16 100  5.2 0.31  6.0  3.7  5.6 0.499E+01 0.731E+01 0.341E+01 0.833E+00
161004 0841 50.73 72 49.15 124 59.78   15.0    0.2 12 252 28.3 0.22  8.8  3.4  8.2 0.434E+01-0.223E+02-0.158E+01 0.593E+00
161006 0156 55.35 72 50.38 125  7.04    7.3    0.8 14 254 32.9 0.38  7.8  3.2  6.9 0.471E+01-0.114E+02-0.229E+01 0.795E+00
161009 0036 44.58 72 49.74 125  3.44    9.9    1.2 14 255 30.6 0.53 25.0  8.7 24.5-0.255E+02-0.196E+03 0.109E+02 0.104E+01
161009 0036 44.44 72 50.02 125  3.97    9.5    1.4 16 254 31.1 0.52 15.7  6.3 15.0-0.245E+02-0.816E+02 0.106E+02 0.970E+00
161012 0800 21.64 72 43.17 125 58.64   16.8    0.9 14 250 28.9 0.33  7.9  2.4  7.2 0.108E+02 0.108E+01-0.101E+01 0.758E+00
161015 1013 35.66 72  3.58 126 56.70   15.2    0.9 14 228  6.5 0.21  7.1  1.8  6.9-0.270E+01 0.628E+01-0.715E+00 0.566E+00
161021 0507 32.24 72 34.18 124 48.13   13.3    1.1 12 159 17.9 0.27  6.7  3.9  6.3 0.569E+01-0.132E+02-0.533E+00 0.731E+00
161125 0156 33.72 72 42.69 124 58.77   10.3    1.2 14 221 22.0 0.28 10.9  5.9 10.2-0.245E+02-0.546E+02 0.170E+02 0.684E+00
161125 0517 25.15 72 44.41 124 57.33   15.5    0.9 12 231 22.4 0.26  6.4  2.7  5.6 0.596E+00-0.656E+01 0.207E+01 0.685E+00
161125 0525 15.16 72 44.75 124 57.39   14.8    1.2 12 233 22.7 0.37  8.4  3.7  7.3 0.621E+00-0.120E+02 0.355E+01 0.889E+00
161125 0556  1.08 72 42.49 124 57.64   14.4    0.8 12 220 21.3 0.40 10.6  5.1  9.6 0.194E+02-0.298E+02-0.462E+01 0.984E+00
170117 0846 47.95 72 12.11 127 20.54   24.2    0.2 12 129 15.5 0.24  5.3  2.4  5.0 0.138E+01 0.342E+01 0.132E+01 0.663E+00
170122 1614 26.15 71 56.77 128  3.71   15.0    1.0 12 107 17.0 0.31  6.2  3.5  5.8 0.567E+01 0.966E+01 0.441E+01 0.827E+00
170302 1359 58.48 72 39.00 124 57.02    7.2    0.6 14 198 20.1 0.30  5.2  2.5  4.7 0.341E+01-0.451E+01 0.190E+00 0.713E+00
170304 2135  2.25 72 40.35 124 59.97    9.5    0.9 14 207 21.8 0.51 15.7  4.8 14.6 0.543E+02-0.527E+02-0.109E+02 0.119E+01
170307 0447 20.38 72 40.89 125  0.59    8.9    1.4 20 210 22.3 0.54 12.2  4.0 11.2 0.372E+02-0.336E+02-0.108E+02 0.109E+01
170309 1454  0.32 72 39.84 124 56.07   13.2    0.7 12 204 19.6 0.27  6.4  3.3  5.9 0.529E+01-0.131E+02-0.218E+01 0.653E+00
170312 0416 38.67 71 57.17 128  0.86   10.6    1.1 12 226 17.3 0.22  8.1  9.5  7.7-0.763E+01 0.590E+02-0.214E+01 0.584E+00
170313 0553 58.61 72 40.73 124 58.85   10.4    1.3 18 209 21.3 0.39  7.9  3.0  7.3 0.506E+01-0.139E+02-0.856E-02 0.911E+00
170320 0711 13.79 72  7.39 127 10.72   18.7    1.1 12 205  6.8 0.19  7.5  2.5  7.2 0.853E+01 0.376E+01-0.140E+01 0.530E+00
170320 0853 55.42 72 41.26 124 58.61   12.3    1.0 12 213 21.3 0.24  6.7  3.8  6.0 0.793E+01-0.139E+02-0.176E+01 0.647E+00
170323 0519 23.78 71 39.01 128 57.68    2.8    1.1 12 180  9.3 0.24  5.8  3.4  5.7 0.282E+01 0.432E+01-0.235E+01 0.613E+00
170326 0836 32.90 71 58.48 127 41.39   19.4    1.0 14 119 14.0 0.34  5.6  4.3  5.1 0.259E+01 0.185E+01 0.311E+01 0.898E+00
170402 0422  0.59 72 42.86 125 39.96   17.0    1.7 20 223 32.6 0.50  7.8  2.9  6.9 0.541E+01-0.153E+01-0.216E+01 0.103E+01
170402 0636 36.81 72 43.01 125 39.51   22.1    1.0 12 223 32.8 0.19  5.4  3.0  4.7 0.689E+01-0.748E+01-0.429E+01 0.519E+00
170404 2347 35.56 72 44.65 124 28.99   20.1    0.7 12 271 11.0 0.20  7.8  2.2  7.2 0.184E+01-0.814E+01 0.789E+00 0.524E+00
170405 0307 35.37 71 40.73 128 46.97    7.6    1.7 22 158 15.5 0.33  6.5  2.0  6.4 0.398E+01 0.697E+01 0.859E-01 0.712E+00
170405 0307 35.38 71 40.69 128 46.87    7.3    1.9 20 173 15.5 0.34  7.0  2.4  6.7 0.583E+01 0.631E+01-0.139E+01 0.740E+00
170405 1410 52.85 71 33.72 128 40.29    0.0    2.2 20 280 53.7 0.58 13.6  4.7 13.2-0.133E+02 0.452E+01-0.648E+01 0.949E+00
170406 0838 42.25 72 21.23 129 22.09   10.9    2.0 20 268 47.3 0.65 18.4  5.5 17.8 0.372E+02-0.938E+01-0.125E+01 0.132E+01
170406 1728  0.62 72 42.79 125 39.75   17.0    1.8 20 222 33.5 0.50  8.3  3.8  7.5 0.727E+01-0.110E+02-0.299E+01 0.103E+01
170408 1004 44.20 72 36.03 124 59.18   12.9    2.3 24 180 22.1 0.53  9.5  3.0  8.8 0.201E+02-0.103E+02-0.142E+01 0.103E+01
170408 1004 44.23 72 35.55 124 58.52   12.8    2.5 26 177 22.1 0.52  7.7  2.9  7.2 0.842E+01-0.884E+01-0.786E+00 0.103E+01
170412 1506 59.96 71 29.81 129 35.17    5.5    1.6 12 297 20.1 0.69 25.2  5.0 24.4-0.406E+02-0.382E+02 0.196E+01 0.136E+01
170414 0459 17.91 72 15.62 127 22.37   23.5    0.5 14 148 17.4 0.23  5.7  1.8  5.5 0.317E+01 0.396E+01 0.884E+00 0.619E+00
170414 1753 31.88 72 19.69 130 25.65    9.5    1.7 12 291 77.1 0.54 22.6  7.8 22.0 0.242E+02 0.511E+02-0.271E+01 0.104E+01
170416 0523 40.85 71 56.71 127  5.63   20.7    2.2 26  86  7.8 0.40  5.4  3.0  5.1 0.296E+01 0.360E+01 0.106E+00 0.993E+00
170416 1220 13.98 72 55.41 124 36.52   12.6    1.7 22 287 31.3 0.23  6.5  1.9  6.1-0.166E+01-0.422E+01-0.817E+00 0.505E+00
170416 1821  5.33 72 49.99 125  2.80   13.6    2.2 26 254 30.6 0.56  9.3  3.2  8.4 0.309E+01-0.117E+02-0.214E+01 0.100E+01
170418 1500 13.13 72 42.72 124 37.09   17.3    1.8 24 237 11.1 0.35  8.4  2.5  7.8 0.304E+01-0.113E+02 0.378E+00 0.761E+00
170420 1302 35.45 72 37.46 128 58.89   14.3    1.5 22 298 65.2 0.48 16.8  6.5 16.2 0.218E+02 0.388E+02 0.373E+01 0.102E+01
170423 1455 44.13 72 48.32 124 37.05   12.2    1.3 16 269 19.1 0.26  6.9  2.6  6.3-0.115E+00-0.843E+01-0.233E+01 0.583E+00
170423 2313 41.47 72 35.15 124 54.18   18.3    2.1 24 172 20.0 0.33  6.3  2.5  5.9 0.475E+01-0.503E+01 0.363E+00 0.771E+00
170425 0652 22.23 71 57.12 128  1.54   10.2    1.8 18 167 17.2 0.36  7.3  2.6  7.1-0.222E+01 0.101E+02-0.372E+00 0.888E+00
170426 0051 22.68 71 58.43 127 59.23    9.9    1.3 12 212 16.2 0.12  5.5  2.1  5.0-0.922E+01 0.914E+01-0.401E+01 0.371E+00
170426 1425 20.49 72  4.47 127 14.84   22.3    0.6 12 114 10.3 0.26  6.0  3.8  5.5 0.477E+01-0.330E+01-0.404E+01 0.717E+00
170427 1041 37.51 71 44.40 128 46.28    5.4    1.3 14 258 40.5 0.46 15.6  3.8 15.4-0.126E+02 0.543E+01-0.166E+01 0.103E+01
170427 2342 33.46 72 44.55 125  1.45   13.1    1.5 12 293 51.2 0.31 10.0  2.8  9.1-0.153E+02-0.189E+01-0.324E+01 0.622E+00

# 5- Relocation results using both initial and new velocity models and rewighted phases:

                    * - Initial - * - Final (No ST_C) - * - Final (ST_C) - * - Final_RW (ST_C) - 
Mean Hrz Error [km] :     6.77    ,       9.40          ,      8.56        ,      6.12        :
Mean Dep Error [km] :     3.92    ,       3.70          ,      3.37        ,      2.71        :
Mean RMS      [sec] :     0.22    ,       0.38          ,      0.33        ,      0.24        :

# 6- Bad events, N = 43

 Date    Origin    Lat      Long      Depth    Mag No Gap Dmin  Rms  Erh  Erz  Erx      Cvxy      Cvxz      Cvyz     Oterr
160818 1613  8.90 72 58.61 124 55.61   16.8    1.0 12 292 40.8 0.13  5.7  5.8  4.8-0.220E+01-0.537E+01 0.126E+02 0.360E+00
160818 1613  8.65 72 59.44 124 54.42   16.7    1.1 12 295 41.9 0.06  6.0  1.9  5.8-0.233E+01-0.891E+01 0.762E+00 0.258E+00
160819 0959 26.81 71 53.40 129 34.53    7.5    4.0 20 261 39.4 0.22  7.3  1.4  7.2 0.271E+01 0.174E+01-0.547E+00 0.391E+00
160820 1506 15.14 71 54.45 129 37.02    6.7    1.6 15 267 41.8 0.28 11.7  1.8 11.6 0.955E+01-0.162E+01-0.139E+01 0.477E+00
160822 1318 48.62 72 21.66 127  2.87   19.2    1.2 16 101  5.5 0.27  5.2  2.8  4.9 0.259E+01 0.543E+01 0.192E+01 0.586E+00
161004 0841 50.77 72 49.06 125  0.13   14.9    0.2 12 252 28.4 0.21  6.4  2.4  5.7 0.205E+01-0.752E+01-0.538E+00 0.500E+00
161006 0156 55.45 72 50.15 125  2.60   13.8    0.8 13 255 30.7 0.23  5.2  3.7  4.7 0.574E+01-0.129E+02-0.523E+01 0.363E+00
161009 0036 44.83 72 49.33 125  0.29   14.0    1.2 13 256 28.8 0.28  8.1  3.0  7.4 0.138E+02-0.156E+02-0.532E+01 0.486E+00
161009 0036 44.52 72 50.14 125  1.76   13.5    1.4 15 255 30.4 0.30  7.3  3.5  6.7 0.677E+01-0.169E+02-0.491E+01 0.503E+00
161012 0800 21.56 72 43.44 125 58.69   17.0    0.9 14 250 29.4 0.25  6.9  2.5  6.5 0.673E+01 0.109E+02 0.123E+01 0.462E+00
161015 1013 35.67 72  3.52 126 56.58   15.3    0.9 14 228  6.7 0.19  6.2  1.6  6.0-0.194E+01 0.397E+01-0.542E+00 0.487E+00
161021 0507 32.28 72 34.19 124 48.58   13.1    1.1 12 160 18.1 0.26  6.2  3.6  5.9 0.653E+01-0.997E+01-0.113E+01 0.595E+00
161125 0156 33.65 72 42.94 124 58.57   11.7    1.2 14 223 22.0 0.28  5.6  3.4  5.0 0.211E+01-0.110E+02 0.124E+00 0.549E+00
161125 0517 25.18 72 44.38 124 57.71   15.3    0.9 12 231 22.5 0.25  5.9  2.7  5.2 0.861E+00-0.534E+01 0.221E+01 0.555E+00
161125 0525 15.09 72 44.85 124 57.45   15.0    1.2 12 234 22.8 0.27  5.4  2.6  4.7 0.314E+01-0.646E+01-0.735E+00 0.507E+00
161125 0556  0.98 72 42.39 124 57.12   15.0    0.8 12 220 20.9 0.30 11.1  4.2 10.4 0.306E+02-0.374E+02-0.107E+02 0.535E+00
170122 1614 26.18 71 56.94 128  3.42   15.0    1.0 12 106 16.8 0.29  5.2  2.9  4.8 0.219E+01 0.527E+01 0.326E+01 0.612E+00
170304 2135  2.17 72 40.56 124 59.68    9.7    0.9 14 208 21.7 0.42 11.9  4.5 11.2 0.232E+02-0.399E+02-0.275E+01 0.609E+00
170307 0447 20.25 72 41.59 125  0.48    9.3    1.4 19 214 22.4 0.32  7.1  2.7  6.6 0.908E+01-0.141E+02-0.229E+01 0.505E+00
170309 1454  0.29 72 39.81 124 56.06   13.5    0.7 12 203 19.6 0.24  5.3  2.9  4.8 0.425E+01-0.944E+01-0.148E+01 0.497E+00
170312 0416 38.65 71 57.10 128  1.00   10.5    1.1 12 227 17.4 0.21  7.6  8.8  7.2-0.756E+01 0.499E+02-0.105E+01 0.513E+00
170313 0553 58.55 72 41.04 124 58.90   10.4    1.3 18 211 21.4 0.33  9.8  5.3  9.2-0.107E+02-0.437E+02 0.100E+02 0.597E+00
170320 0711 13.79 72  7.45 127 10.81   18.7    1.1 12 206  6.8 0.18  6.5  2.2  6.3 0.599E+01 0.264E+01-0.119E+01 0.453E+00
170320 0853 55.42 72 41.35 124 58.86   12.3    1.0 12 213 21.4 0.23  6.6  3.7  6.1 0.830E+01-0.142E+02-0.280E+01 0.534E+00
170323 0519 23.79 71 38.98 128 57.81    2.8    1.1 12 180  9.3 0.23  5.5  3.3  5.3 0.333E+01 0.362E+01-0.225E+01 0.506E+00
170402 0636 36.86 72 42.88 125 39.48   22.3    1.0 12 223 32.5 0.18  5.3  2.7  4.6 0.552E+01-0.641E+01-0.353E+01 0.463E+00
170404 2347 35.59 72 44.51 124 29.22   20.3    0.7 12 270 10.8 0.19  7.2  2.1  6.7 0.134E+01-0.788E+01 0.508E+00 0.459E+00
170405 0307 35.38 71 40.57 128 46.52    7.6    1.7 22 157 15.5 0.25  5.9  2.0  5.8 0.279E+01 0.907E+01 0.380E+00 0.425E+00
170405 0307 35.43 71 40.33 128 46.41    7.6    1.9 20 170 15.2 0.27  6.6  3.1  6.4 0.458E+00 0.148E+02-0.254E+01 0.439E+00
170405 1410 52.60 71 33.57 128 42.07    0.0    2.2 18 281 54.6 0.24  7.5  2.6  7.2-0.473E+01 0.359E+01-0.216E+01 0.448E+00
170406 0838 42.22 72 22.20 129 22.12   11.7    2.0 16 269 48.5 0.27  9.4  2.7  9.1 0.270E+01-0.890E+00 0.129E+01 0.507E+00
170408 1004 44.08 72 36.05 124 57.87   14.9    2.3 22 180 21.4 0.27  5.3  1.5  4.8 0.714E+01-0.259E+01 0.630E-01 0.490E+00
170412 1507  0.00 71 29.51 129 34.22    7.7    1.6 10 297 19.9 0.42 12.9  2.7 12.5-0.480E+01-0.175E+02 0.677E+00 0.462E+00
170414 0459 17.94 72 15.53 127 22.02   23.3    0.5 14 147 17.4 0.22  5.0  1.7  4.9 0.143E+01 0.132E+01 0.495E+00 0.526E+00
170414 1753 31.78 72 19.35 130 29.60   11.0    1.7 12 292 79.0 0.44 15.3  4.7 14.7 0.111E+02-0.157E+02-0.738E+01 0.508E+00
170416 1220 13.96 72 55.45 124 36.29   12.9    1.7 22 288 31.3 0.21  6.7  2.0  6.4-0.206E+00-0.800E+01-0.105E+01 0.411E+00
170418 1500 13.11 72 42.73 124 37.43   17.7    1.8 24 236 11.3 0.29  6.0  2.1  5.6 0.124E+01-0.661E+01 0.262E+00 0.482E+00
170420 1302 35.40 72 38.38 128 57.73   15.3    1.5 21 298 66.6 0.33 10.3  4.2  9.9 0.924E+01 0.183E+02 0.263E+01 0.459E+00
170423 1455 44.01 72 48.44 124 35.44   14.5    1.3 16 271 18.9 0.21  6.1  1.8  5.8-0.163E+01-0.755E+01 0.170E+00 0.362E+00
170426 0051 22.68 71 58.43 127 59.23    9.9    1.3 12 212 16.2 0.12  5.5  2.1  5.0-0.922E+01 0.914E+01-0.401E+01 0.371E+00
170426 1425 20.53 72  4.34 127 15.03   22.1    0.6 12 114 10.5 0.23  5.2  2.8  4.9 0.301E+01-0.244E+01-0.214E+01 0.526E+00
170427 1041 37.42 71 44.42 128 47.47    7.9    1.3 13 259 40.7 0.25  9.9  2.4  9.8-0.296E+01 0.618E+01 0.125E+01 0.427E+00
170427 2342 33.43 72 44.47 125  0.33   13.8    1.5 12 293 51.7 0.25  7.5  2.3  6.9-0.889E+01-0.629E+00-0.225E+01 0.437E+00
